<?xml version="1.0" standalone="no"?>
<!DOCTYPE svg PUBLIC "-//W3C//DTD SVG 20010904//EN"
 "http://www.w3.org/TR/2001/REC-SVG-20010904/DTD/svg10.dtd">
<svg version="1.0" xmlns="http://www.w3.org/2000/svg"
 width="1920.000000pt" height="1920.000000pt" viewBox="0 0 1920.000000 1920.000000"
 preserveAspectRatio="xMidYMid meet">

<g transform="translate(0.000000,1920.000000) scale(0.100000,-0.100000)"
fill="#000000" stroke="none">
<path d="M6026 17289 c-451 -66 -807 -397 -924 -859 -15 -60 -16 -391 -19
-4115 l-3 -4050 43 80 c69 131 116 194 222 301 235 237 497 347 825 347 206 0
337 -31 525 -123 178 -88 342 -232 450 -395 70 -105 106 -184 193 -425 39
-107 109 -303 157 -435 103 -286 171 -432 269 -580 160 -240 367 -438 608
-583 172 -103 194 -112 778 -322 217 -78 427 -158 465 -178 250 -125 444 -331
555 -590 152 -353 121 -749 -86 -1078 -30 -48 -54 -88 -54 -90 0 -2 1142 -3
2538 -2 l2537 3 97 27 c266 73 503 245 647 468 70 109 112 204 150 339 l26 96
3 3953 2 3952 -1329 0 c-861 0 -1365 4 -1432 11 -393 40 -730 199 -1004 474
-142 142 -232 265 -314 430 -99 197 -149 377 -171 600 -6 70 -10 595 -10 1433
l0 1322 -2842 -1 c-1564 -1 -2870 -5 -2902 -10z"/>
<path d="M12870 15969 c0 -1467 -2 -1405 62 -1536 45 -91 151 -199 238 -241
130 -64 73 -62 1533 -62 l1327 0 0 148 c0 280 -50 466 -181 674 -45 72 -185
217 -1048 1081 -548 549 -1025 1020 -1061 1047 -123 91 -277 161 -429 196 -38
8 -146 17 -253 21 l-188 6 0 -1334z"/>
<path d="M6124 7885 c-12 -7 -33 -47 -47 -87 -294 -819 -316 -877 -406 -1057
-247 -494 -631 -912 -1113 -1214 -198 -124 -393 -214 -708 -327 -529 -189
-647 -234 -662 -252 -10 -11 -18 -33 -18 -48 0 -15 8 -37 18 -49 11 -14 159
-72 447 -175 509 -183 518 -187 705 -282 285 -144 533 -325 766 -558 230 -230
405 -469 550 -751 95 -183 115 -233 293 -730 152 -421 168 -455 212 -455 32 0
66 21 79 49 11 24 56 147 190 521 164 460 241 627 399 870 159 246 431 547
651 722 222 177 525 352 783 453 103 40 633 233 792 288 33 11 70 26 82 34 45
30 37 109 -15 133 -15 6 -214 79 -442 161 -462 167 -604 226 -795 334 -254
143 -429 278 -656 504 -239 240 -408 472 -556 762 -83 163 -118 249 -288 724
-73 204 -138 382 -145 396 -21 45 -78 62 -116 34z"/>
</g>
</svg>
